iris.data k: 3
precision: 0.5747668845315904
recall: 0.7589333333333333

winequality-red.data k: 2
precision: 0.35808004599388493
recall: 0.939595292902519

winequality-white.data k: 2
precision: 0.3303216278358505
recall: 0.8499072810852805

